-1 19.612299 19.961372 -0.004000 -0.000400
0 31.407331 17.804146 36.053574 -6.597099
1 30.758553 24.374212 34.090168 13.485452
2 26.870411 29.681011 21.669832 29.001247
3 20.882734 32.271931 3.641702 35.255493
4 14.466197 31.522131 -14.081914 31.626381
5 9.314044 27.716290 -27.122038 20.419079
6 6.728981 21.894159 -33.204990 4.984068
7 7.347247 15.565105 -31.607380 -11.318067
8 11.012197 10.351048 -22.641417 -25.278917
9 16.809071 7.613476 -7.671318 -33.737232
10 23.255737 8.124738 10.415222 -33.851479
11 28.629154 11.836254 26.879082 -24.220247
12 40.271248 18.608459 20.746725 -1.363499
13 39.422737 25.985706 19.890406 6.043913
14 36.095184 32.622089 16.425982 12.612126
15 30.697044 37.711205 10.896190 17.442768
16 23.888573 40.639549 4.128555 19.957512
17 16.497383 41.060020 -2.946593 19.959118
18 9.415858 38.930538 -9.459088 17.596603
19 3.493534 34.514652 -14.703388 13.275555
20 -0.562878 28.347401 -18.180296 7.558569
21 -2.271336 21.169743 -19.596933 1.085787
22 -1.429624 13.840828 -18.850189 -5.476912
23 1.861743 7.237082 -16.013132 -11.469397
24 7.211267 2.149626 -11.333182 -16.262753
25 13.981483 -0.808744 -5.239854 -19.294399
26 21.362595 -1.276859 1.650422 -20.124598
27 28.466845 0.809673 8.553087 -18.516182
28 34.434189 5.207213 14.581317 -14.522942
29 38.536907 11.389441 18.870447 -8.553057
30 49.842823 18.877163 14.145133 -0.511539
31 49.053471 26.907793 13.777074 3.247068
32 46.210621 34.459358 12.411729 6.762304
33 41.508862 41.015797 10.161737 9.768448
34 35.270447 46.129616 7.210405 12.048279
35 27.922197 49.452633 3.790538 13.451277
36 19.966274 50.759445 0.159579 13.901820
37 11.945418 49.962650 -3.424376 13.398244
38 4.405950 47.118233 -6.722319 12.004698
39 -2.139387 42.421246 -9.528529 9.838985
40 -7.246057 36.192406 -11.679036 7.058983
41 -10.567636 28.855888 -13.055689 3.849803
42 -11.879002 20.910774 -13.587070 0.412821
43 -11.091423 12.897020 -13.248102 -3.043589
44 -8.258391 5.359187 -12.059185 -6.311809
45 -3.572113 -1.190318 -10.085435 -9.192302
46 2.649489 -6.305886 -7.436035 -11.501472
47 9.984018 -9.638804 -4.262909 -13.080745
48 17.933027 -10.961085 -0.757524 -13.807181
49 25.955599 -10.181138 2.855508 -13.605303
50 33.504971 -7.350446 6.329412 -12.458590
51 40.065735 -2.660407 9.411465 -10.418786
52 45.189236 3.570160 11.863950 -7.609927
53 48.524490 10.916569 13.487785 -4.224707
54 59.624294 19.023729 10.673344 -0.253869
55 58.916920 27.498123 10.486472 2.007759
56 56.462334 35.639969 9.819250 4.175366
57 52.368092 43.092911 8.705419 6.145758
58 46.813305 49.530945 7.201324 7.827159
59 40.041557 54.672588 5.381965 9.143989
60 32.349209 58.293297 3.336075 10.040735
61 24.072826 60.234909 1.160556 10.483823
62 15.574403 60.413261 -1.045069 10.461924
63 7.225400 58.821014 -3.183630 9.985075
64 -0.609457 55.528095 -5.164647 9.082647
65 -7.588082 50.678902 -6.907598 7.800537
66 -13.405932 44.485512 -8.344391 6.198248
67 -17.809174 37.218643 -9.420922 4.345756
68 -20.605885 29.195667 -10.098036 2.320520
69 -21.674082 20.766867 -10.351954 0.204758
70 -20.967270 12.300203 -10.174411 -1.917107
71 -18.516291 4.165208 -9.572592 -3.960850
72 -14.428080 -3.282982 -8.568889 -5.844731
73 -8.880903 -9.719151 -7.200570 -7.491864
74 -2.116763 -14.862131 -5.519160 -8.832644
75 5.569175 -18.487110 -3.589539 -9.807355
76 13.841478 -20.435371 -1.488514 -10.368916
77 22.360781 -20.603640 0.694851 -10.362358
78 30.708237 -19.017111 2.845671 -10.022349
79 38.544060 -15.729310 4.891010 -9.235165
80 45.525612 -10.883495 6.736184 -8.028033
81 51.347191 -4.691272 8.292642 -6.449343
82 55.753906 2.576782 9.483283 -4.567338
83 58.552692 10.602835 10.247438 -2.467381
84 69.492271 19.130821 8.452036 -0.144139
85 68.857895 27.915133 8.346047 1.345216
86 66.707474 36.455730 7.976731 2.791532
87 63.106342 44.492928 7.356665 4.147674
88 58.164082 51.782417 6.507060 5.369925
89 52.031059 58.102547 5.456827 6.419616
90 44.893757 63.261353 4.241287 7.264519
91 36.969269 67.102127 2.900680 7.879807
92 28.498510 69.508217 1.478527 8.248734
93 19.738930 70.406601 0.019957 8.362866
94 10.956782 69.770401 -1.429854 8.221917
95 2.418850 67.618874 -2.827168 7.833509
96 -5.615499 64.017715 -4.130919 7.212388
97 -12.902277 59.076416 -5.303802 6.379735
98 -19.220255 52.945110 -6.313118 5.362209
99 -24.377579 45.810265 -7.131376 4.191041
100 -28.217821 37.888527 -7.736817 2.901010
101 -30.624334 29.420521 -8.113679 1.529551
102 -31.524126 20.663383 -8.252390 0.115781
103 -30.889967 11.883059 -8.149642 -1.300359
104 -28.741043 3.346142 -7.808429 -2.678990
105 -25.142618 -4.688119 -7.237922 -3.981144
106 -20.203917 -11.975747 -6.453347 -5.169614
107 -14.074840 -18.295408 -5.475766 -6.209814
108 -6.941447 -23.455059 -4.331744 -7.070641
109 0.979696 -27.297958 -3.052888 -7.725353
110 9.448055 -29.707216 -1.675274 -8.152439
111 18.206457 -30.609514 -0.238669 -8.336429
112 26.988787 -29.977236 1.214388 -8.268664
113 35.528267 -27.829424 2.639774 -7.947902
114 43.565308 -24.231209 3.993035 -7.380758
115 50.855648 -19.291704 5.230916 -6.581900
116 57.177559 -13.160963 6.312861 -5.573915
117 62.338802 -6.025207 7.202649 -4.386858
118 66.182343 1.898696 7.869879 -3.057434
119 68.591270 10.369882 8.291327 -1.627815
