-1 19.612299 19.961372 -0.040000 -0.004000
0 30.942207 17.889332 37.598083 -6.938060
1 30.318752 24.200264 35.573280 14.029650
2 26.590902 29.306957 22.602249 30.208456
3 20.835768 31.817356 3.806002 36.687702
4 14.647668 31.114483 -14.618316 32.873581
5 9.663491 27.453142 -28.139952 21.218849
6 7.156767 21.829893 -34.446602 5.212615
7 7.754478 15.710872 -32.816448 -11.688898
8 11.303990 10.676740 -23.561979 -26.197378
9 16.908022 8.048301 -8.052924 -35.048260
10 23.121542 8.561245 10.762719 -35.258274
11 28.282528 12.148732 27.966137 -25.297838
12 40.005341 18.625986 20.984388 -1.425016
13 39.167786 25.908276 20.130348 6.082222
14 35.884632 32.460464 16.630812 12.742517
15 30.557381 37.487648 11.035926 17.643816
16 23.835651 40.383755 4.185005 20.199564
17 16.535137 40.804214 -2.978936 20.210281
18 9.537078 38.704987 -9.574859 17.827543
19 3.681971 34.344482 -14.889183 13.462027
20 -0.329875 28.250488 -18.417387 7.682477
21 -2.020166 21.155785 -19.863260 1.135365
22 -1.188008 13.910975 -19.121595 -5.507105
23 2.067019 7.384032 -16.264469 -11.578136
24 7.356585 2.358022 -11.539598 -16.441488
25 14.048720 -0.561471 -5.378847 -19.526577
26 21.341530 -1.018917 1.596035 -20.385603
27 28.357306 1.047030 8.591532 -18.774727
28 34.247364 5.393411 14.708437 -14.744634
29 38.295067 11.499130 19.068104 -8.706039
30 49.661827 18.883753 14.193606 -0.551861
31 48.877220 26.866274 13.832047 3.230246
32 46.051792 34.372849 12.466534 6.769665
33 41.378822 40.890812 10.209877 9.798708
34 35.178165 45.975449 7.246196 12.098495
35 27.873688 49.280502 3.809473 13.517196
36 19.964233 50.581547 0.158548 13.978360
37 11.989244 49.791191 -3.447021 13.479910
38 4.491984 46.964584 -6.766828 12.085956
39 -2.017436 42.295303 -9.593868 9.914557
40 -7.096577 36.102036 -11.763041 7.124065
41 -10.400530 28.806589 -13.155209 3.900264
42 -11.705089 20.905457 -13.698124 0.445335
43 -10.921839 12.935935 -13.366030 -3.031390
44 -8.104009 5.439931 -12.178829 -6.321192
45 -3.442980 -1.072707 -10.201351 -9.223301
46 2.744724 -6.158715 -7.542786 -11.552782
47 10.038651 -9.471409 -4.355384 -13.149663
48 17.942802 -10.784385 -0.831314 -13.889665
49 25.919138 -10.007009 2.803684 -13.696088
50 33.424038 -7.190979 6.301341 -12.551552
51 39.945362 -2.527034 9.407158 -10.507352
52 45.037457 3.667593 11.881495 -7.687665
53 48.351925 10.970680 13.523428 -4.285919
54 59.487801 19.027020 10.672967 -0.287810
55 58.782825 27.472485 10.491607 1.981977
56 56.336769 35.586594 9.828001 4.158674
57 52.256763 43.014332 8.715760 6.138645
58 46.721210 49.430859 7.211202 7.829656
59 39.972733 54.555653 5.389401 9.155710
60 32.306545 58.164822 3.339254 10.060909
61 24.057989 60.100822 1.157876 10.511311
62 15.587774 60.279449 -1.054916 10.495347
63 7.266128 58.693295 -3.201642 10.022840
64 -0.543388 55.411919 -5.191486 9.123007
65 -7.499718 50.579109 -6.943575 7.841674
66 -13.299184 44.406204 -8.389459 6.238326
67 -17.688671 37.163029 -9.474689 4.382978
68 -20.476692 29.165958 -10.159767 2.353204
69 -21.541647 20.764217 -10.420604 0.231375
70 -20.837090 12.324695 -10.248648 -1.897860
71 -18.393801 4.215840 -9.650821 -3.950002
72 -14.318419 -3.208250 -8.649334 -5.842984
73 -8.788739 -9.623345 -7.281316 -7.499552
74 -2.046100 -14.749173 -5.598238 -8.849708
75 5.615159 -18.361677 -3.665001 -9.833318
76 13.860592 -20.302746 -1.558525 -10.402880
77 22.352076 -20.472696 0.631833 -10.401831
78 30.672350 -18.890451 2.790793 -10.066941
79 38.482334 -15.612593 4.845227 -9.283029
80 45.440556 -10.782025 6.700020 -8.077145
81 51.242462 -4.609745 8.266158 -6.497593
82 55.634129 2.634531 9.466073 -4.612651
83 58.423252 10.634050 10.238633 -2.507831
84 69.385536 19.132677 8.433375 -0.174560
85 68.752502 27.898172 8.331778 1.318235
86 66.606735 36.420494 7.966171 2.768694
87 63.013439 44.440559 7.349017 4.129547
88 58.081898 51.714592 6.501455 5.356925
89 51.962135 58.021477 5.452339 6.411998
90 44.840199 63.169598 4.236971 7.262372
91 36.932648 67.002594 2.895591 7.883062
92 28.479843 69.404030 1.471757 8.257170
93 19.738688 70.300972 0.010650 8.376088
94 10.974854 69.666542 -1.442472 8.239429
95 2.454577 67.519913 -2.843771 7.854672
96 -5.563301 63.926590 -4.152066 7.236469
97 -12.835259 58.995804 -5.329922 6.405918
98 -19.140484 52.877357 -6.344494 5.389621
99 -24.287491 45.757301 -7.168149 4.218763
100 -28.120054 37.851852 -7.778969 2.928126
101 -30.521799 29.401173 -8.161036 1.555144
102 -31.419838 20.661894 -8.304627 0.138978
103 -30.786966 11.899457 -8.206292 -1.280368
104 -28.642349 3.379960 -7.868881 -2.662929
105 -25.051126 -4.637850 -7.301447 -3.969625
106 -20.122339 -11.910459 -6.519124 -5.163119
107 -14.005601 -18.216969 -5.542894 -6.208679
108 -6.886659 -23.365751 -4.399266 -7.075034
109 1.018331 -27.200377 -3.119830 -7.735283
110 9.469290 -29.604231 -1.740670 -8.167731
111 18.209545 -30.504200 -0.301593 -8.356741
112 26.973513 -29.872768 1.154791 -8.293498
113 35.494991 -27.729008 2.584258 -7.976599
114 43.514931 -24.137949 3.942226 -7.412546
115 50.789631 -19.208534 5.185289 -6.615891
116 57.097874 -13.090522 6.272726 -5.609156
117 62.247871 -5.969758 7.168136 -4.422355
118 66.082977 1.937353 7.840937 -3.092190
119 68.486572 10.390479 8.267724 -1.660857
