-1 19.612616 19.961372 -0.400000 -0.040000
0 30.457157 17.979555 39.016289 -7.809438
1 29.859562 24.019650 37.148438 14.206602
2 26.299063 28.917345 23.732302 31.289024
3 20.786474 31.344036 4.146530 38.249817
4 14.836058 30.690245 -15.118917 34.467079
5 10.026367 27.179077 -29.352133 22.489643
6 7.601182 21.762131 -36.148697 5.909085
7 8.178184 15.861072 -34.719677 -11.729168
8 11.608658 11.014252 -25.311615 -27.026659
9 17.012869 8.500368 -9.255807 -36.552460
10 22.983587 9.016514 10.444183 -37.099667
11 27.922234 12.475850 28.646168 -26.934782
12 39.736759 18.644764 20.888319 -1.884243
13 38.910027 25.830795 20.162144 5.740056
14 35.671566 32.297527 16.740580 12.551988
15 30.415930 37.261761 11.166870 17.619493
16 23.781965 40.124962 4.280721 20.336399
17 16.573261 40.545166 -2.968801 20.485996
18 9.659789 38.476315 -9.690364 18.205816
19 3.872889 34.171631 -15.156872 13.896118
20 -0.093602 28.151630 -18.847826 8.119419
21 -1.765205 21.140802 -20.449478 1.520777
22 -0.942389 13.981148 -19.838869 -5.223439
23 2.276167 7.532091 -17.071867 -11.436453
24 7.505288 2.568538 -12.383589 -16.466509
25 14.118528 -0.311256 -6.199070 -19.723127
26 21.321947 -0.757518 0.859182 -20.736418
27 28.248014 1.287948 7.988392 -19.241346
28 34.059551 5.582805 14.272111 -15.272011
29 38.051224 11.611211 18.808895 -9.230535
30 49.480598 18.891253 13.906192 -0.929704
31 48.700531 26.825356 13.630563 2.882722
32 45.892467 34.286598 12.340095 6.473556
33 41.248302 40.765732 10.142565 9.571495
34 35.085510 45.820869 7.218208 11.952961
35 27.824976 49.107662 3.798445 13.460614
36 19.962225 50.402714 0.141028 14.012048
37 12.033381 49.618633 -3.494028 13.599137
38 4.578652 46.809765 -6.864347 12.280295
39 -1.894531 42.168190 -9.759577 10.168533
40 -6.945832 36.010567 -12.010072 7.418161
41 -10.231874 28.756336 -13.491252 4.212202
42 -11.529382 20.899405 -14.124890 0.751536
43 -10.750278 12.974388 -13.879097 -2.754225
44 -7.947548 5.520522 -12.767845 -6.094507
45 -3.311743 -0.954917 -10.850737 -9.065185
46 2.842003 -6.011033 -8.232717 -11.476708
47 10.095181 -9.303199 -5.063149 -13.163493
48 17.954256 -10.606601 -1.532893 -13.995043
49 25.884058 -9.831601 2.131941 -13.888291
50 33.344158 -7.030117 5.681025 -12.819805
51 39.825676 -2.392250 8.856266 -10.835574
52 44.886013 3.766356 11.413143 -8.055648
53 48.179390 11.025947 13.144970 -4.670792
54 59.351719 19.031073 10.339198 -0.620627
55 58.648991 27.447517 10.218974 1.660959
56 56.211346 35.533760 9.612739 3.861901
57 52.145500 42.936138 8.551593 5.877523
58 46.629154 49.330990 7.089615 7.614028
59 39.903931 54.438770 5.300023 8.993454
60 32.263908 58.036282 3.270278 9.957577
61 24.043251 59.966469 1.096597 10.469864
62 15.601342 60.145229 -1.121551 10.516042
63 7.307165 58.565041 -3.286459 10.103207
64 -0.476873 55.295109 -5.306508 9.257962
65 -7.410752 50.478626 -7.099504 8.023735
66 -13.191670 44.326183 -8.595207 6.457953
67 -17.567213 37.106705 -9.736966 4.628983
68 -20.346409 29.135569 -10.482822 2.613247
69 -21.407951 20.760952 -10.806009 0.492508
70 -20.705524 12.348670 -10.695254 -1.648628
71 -18.269815 4.266087 -10.154801 -3.725138
72 -14.207177 -3.133757 -9.204361 -5.653887
73 -8.694944 -9.527618 -7.878825 -7.356049
74 -1.973786 -14.636121 -6.227807 -8.759632
75 5.662778 -18.235975 -4.314825 -9.802161
76 13.881285 -20.169691 -2.215920 -10.433563
77 22.344845 -20.341192 -0.020299 -10.493450
78 30.637825 -18.763109 2.156645 -10.218179
79 38.421822 -15.495090 4.241046 -9.488838
80 45.356571 -10.679704 6.136478 -8.330097
81 51.138630 -4.527330 7.752155 -6.788217
82 55.515072 2.693162 9.008352 -4.929832
83 58.294373 10.666114 9.841478 -2.839298
84 69.279419 19.135229 8.083305 -0.476706
85 68.647644 27.881865 8.027772 1.021763
86 66.506416 36.385849 7.706571 2.485812
87 62.920864 44.388702 7.130815 3.867771
88 57.999989 51.647198 6.320364 5.123132
89 51.893444 57.940716 5.302946 6.212236
90 44.786835 63.078049 4.112890 7.101644
91 36.896198 66.903175 2.789645 7.765193
92 28.461365 69.299759 1.376217 8.184673
93 19.738665 70.195221 -0.082544 8.350084
94 10.993187 69.562454 -1.541453 8.259619
95 2.490625 67.420654 -2.956495 7.919350
96 -5.510705 63.835075 -4.286067 7.342563
97 -12.767756 58.914730 -5.492082 6.549082
98 -19.060122 52.809113 -6.540824 5.564391
99 -24.196688 45.703789 -7.403623 4.418702
100 -28.021479 37.814621 -8.057345 3.146040
101 -30.418348 29.381268 -8.484772 1.783297
102 -31.314531 20.659874 -8.674788 0.369331
103 -30.682840 11.915372 -8.622541 -1.055912
104 -28.542433 3.413352 -8.329471 -2.452279
105 -24.958334 -4.587930 -7.803289 -3.780262
106 -20.039381 -11.845432 -7.057882 -5.001873
107 -13.934939 -18.138697 -6.113121 -6.081516
108 -6.830409 -23.276497 -4.994563 -6.986887
109 1.058440 -27.102737 -3.733049 -7.689895
110 9.491992 -29.501070 -2.364127 -8.167556
111 18.214079 -30.398602 -0.927298 -8.402858
112 26.959637 -29.767912 0.534890 -8.385586
113 35.463047 -27.628105 1.978036 -8.112964
114 43.465809 -24.044117 3.357143 -7.590139
115 50.724781 -19.124725 4.628166 -6.830431
116 57.019249 -13.019384 5.749546 -5.855239
117 62.157894 -5.913589 6.683857 -4.693628
118 65.984444 1.976740 7.399346 -3.381535
119 68.382607 10.411804 7.871323 -1.960599
